0.6923076923076923
0.7142857142857143
0.64
0.5384615384615384
0.7222222222222222
0.7222222222222222
0.8
1.0
1.0
1.0
1.0
0.7142857142857143
1.0
0.6428571428571428
0.7647058823529411
0.9090909090909091
0.6470588235294117
0.8235294117647058
1.0
0.9230769230769231
0.8461538461538461
0.8
0.6666666666666667
0.6599999999999999
1.0
1.0
0.575
0.5882352941176471
0.7037037037037037
0.6875
0.8333333333333334
0.7666666666666666
0.8
0.7333333333333334
1.0
0.875
0.8666666666666667
0.8333333333333334
0.7692307692307692
0.6206896551724138
0.7083333333333333
0.5142857142857142
0.8666666666666667
0.7619047619047619
0.9333333333333333
0.41428571428571426
0.8823529411764706
0.8461538461538461
0.9166666666666666
0.9
0.9655172413793104
0.9767441860465116
0.9782608695652174
0.8
1.0
0.7647058823529411
0.8235294117647058
0.9230769230769231
0.8333333333333334
1.0
1.0
0.8571428571428572
0.7272727272727273
0.8888888888888888
0.84
0.6875
0.6896551724137931
0.7272727272727273
0.9
0.65
1.0
0.7407407407407407
0.7931034482758621
0.5806451612903225
0.9090909090909091
0.6585365853658536
0.75
1.0
1.0
0.95
0.9230769230769231
1.0
0.8947368421052632
0.9090909090909091
0.6875
1.0
1.0
0.875
0.7333333333333334
0.6428571428571428
0.9
0.8235294117647058
0.7083333333333333
0.5918367346938775
0.6666666666666667
0.7142857142857143
0.7647058823529411
0.6666666666666667
1.0
0.625
1.0
1.0
0.8125
0.7333333333333334
0.7142857142857143
0.5555555555555556
0.631578947368421
0.8571428571428572
0.6153846153846154
0.8333333333333334
0.75
0.6666666666666667
0.75
0.71875
0.7058823529411764
0.9090909090909091
0.7777777777777778
0.75
0.6086956521739131
0.7777777777777778
0.8
0.6190476190476191
0.8571428571428572
0.6896551724137931
0.5098039215686274
0.9230769230769231
0.9090909090909091
0.8
0.5416666666666667
0.7333333333333334
0.5384615384615384
0.6774193548387097
0.8181818181818181
0.6923076923076923
0.6595744680851063
0.7894736842105263
0.56
0.7
0.7142857142857143
0.6333333333333333
0.7647058823529411
0.85
0.7647058823529411
0.75
1.0
0.7692307692307692
1.0
0.8421052631578947
1.0
0.7391304347826086
1.0
0.75
0.7692307692307692
0.8148148148148149
0.875
1.0
0.7692307692307692
0.7333333333333334
0.75
0.7272727272727273
0.736842105263158
0.75
1.0
1.0
1.0
0.6521739130434783
0.6875
0.7619047619047619
0.8888888888888888
0.8823529411764706
0.8461538461538461
0.6666666666666667
0.6296296296296297
0.8461538461538461
0.8
0.8
0.7647058823529411
0.6842105263157895
0.7317073170731707
0.9285714285714286
0.8666666666666667
0.625
0.9166666666666666
0.9
0.736842105263158
0.75
0.8
0.6333333333333333
0.8095238095238095
0.9090909090909091
0.9333333333333333
0.9375
0.782608695652174
0.8461538461538461
0.8571428571428572
0.7857142857142857
0.5833333333333333
0.6
0.5925925925925926
0.75
0.9166666666666666
0.6818181818181819
1.0
0.5454545454545454
0.6666666666666667
0.8947368421052632
0.6296296296296297
0.9
0.8571428571428572
0.8461538461538461
0.7272727272727273
0.9090909090909091
0.5909090909090908
0.9090909090909091
0.8333333333333334
1.0
0.75
1.0
0.7142857142857143
0.7142857142857143
0.8181818181818181
1.0
0.7777777777777778
0.7777777777777778
0.9
0.7666666666666666
1.0
0.6571428571428571
0.8
0.5454545454545454
0.6818181818181819
0.7777777777777778
0.6
0.6
0.6666666666666667
0.6538461538461539
0.8666666666666667
0.736842105263158
0.7647058823529411
0.8
0.8
1.0
1.0
0.736842105263158
0.64
0.7058823529411764
0.7027027027027026
0.8461538461538461
1.0
0.5833333333333333
0.55
0.5777777777777777
0.696969696969697
0.9333333333333333
0.6521739130434783
0.75
0.7058823529411764
0.6875
0.64
0.8888888888888888
0.8888888888888888
0.9
1.0
0.7333333333333334
0.8333333333333334
0.7777777777777778
0.8
0.6
0.65
0.8
0.7142857142857143
0.8
1.0
0.7647058823529411
0.6666666666666667
0.8421052631578947
0.7142857142857143
0.8461538461538461
1.0
0.8
0.6153846153846154
0.7142857142857143
0.8666666666666667
0.7647058823529411
0.9166666666666666
0.5862068965517242
0.7058823529411764
0.42000000000000004
0.8
0.53125
0.7142857142857143
0.6111111111111112
1.0
0.9
0.625
0.7037037037037037
0.7894736842105263
0.6206896551724138
1.0
1.0
0.9166666666666666
1.0
0.6363636363636364
0.6153846153846154
0.625
0.6666666666666667
0.7142857142857143
0.6666666666666667
0.6666666666666667
0.5
0.625
0.9230769230769231
0.8888888888888888
0.7391304347826086
0.625
0.9166666666666666
0.9375
0.8421052631578947
0.9
0.8
0.7894736842105263
0.7857142857142857
0.7142857142857143
0.6551724137931034
0.8235294117647058
0.7391304347826086
0.875
0.8095238095238095
0.7222222222222222
0.7586206896551724
0.6470588235294117
0.6363636363636364
0.7894736842105263
1.0
1.0
0.8461538461538461
0.9090909090909091
0.8461538461538461
0.9090909090909091
0.5714285714285714
0.9
0.6086956521739131
1.0
1.0
0.875
0.7272727272727273
0.6666666666666667
0.6511627906976745
0.8181818181818181
1.0
0.7307692307692308
1.0
0.8666666666666667
0.8571428571428572
0.8571428571428572
0.9
0.9
0.6785714285714286
0.6428571428571428
0.8571428571428572
1.0
0.7
0.8888888888888888
0.7222222222222222
0.9090909090909091
0.8571428571428572
0.9375
0.8333333333333334
0.7083333333333333
0.8888888888888888
0.7333333333333334
0.7307692307692308
0.8571428571428572
0.8571428571428572
0.7222222222222222
1.0
0.4666666666666667
1.0
1.0
0.8846153846153846
0.9090909090909091
0.8888888888888888
0.7916666666666666
0.7428571428571429
0.7352941176470589
0.75
0.8571428571428572
0.7058823529411764
0.6666666666666667
0.5263157894736843
0.736842105263158
0.6666666666666667
0.75
0.8571428571428572
1.0
1.0
0.6521739130434783
0.55
0.8125
1.0
0.8333333333333334
0.75
0.6956521739130435
0.6875
0.5666666666666667
0.6739130434782609
0.7142857142857143
0.9166666666666666
0.8
0.85
0.75
0.625
0.8333333333333334
0.7777777777777778
1.0
0.6666666666666667
0.5277777777777778
0.875
0.7142857142857143
0.8333333333333334
0.8333333333333334
0.8461538461538461
0.8
1.0
0.782608695652174
0.9
0.7777777777777778
0.7352941176470589
0.9
0.9
0.7647058823529411
0.6153846153846154
1.0
0.9090909090909091
0.5833333333333333
0.75
0.9090909090909091
0.8
1.0
0.8333333333333334
0.5833333333333333
0.9090909090909091
1.0
0.7692307692307692
0.8888888888888888
0.75
0.9375
0.8
0.8888888888888888
1.0
0.7692307692307692
0.8666666666666667
0.9090909090909091
1.0
1.0
0.8333333333333334
1.0
1.0
0.6470588235294117
0.8181818181818181
0.7857142857142857
0.55
1.0
0.7
0.7058823529411764
0.6875
1.0
0.9090909090909091
1.0
0.7333333333333334
0.8
0.8421052631578947
0.7142857142857143
0.8125
0.6923076923076923
0.8636363636363636
0.8571428571428572
0.7222222222222222
0.8333333333333334
0.48275862068965514
0.7391304347826086
0.9285714285714286
0.5263157894736843
0.8636363636363636
0.92
1.0
0.8333333333333334
0.631578947368421
0.8636363636363636
0.9047619047619048
0.8333333333333334
0.9
0.7058823529411764
1.0
0.9090909090909091
0.7
0.8888888888888888
1.0
0.8333333333333334
1.0
0.8
0.7272727272727273
1.0
0.7272727272727273
1.0
0.8
0.42307692307692313
0.5714285714285714
0.6666666666666667
0.875
0.7843137254901961
0.7272727272727273
0.7692307692307692
0.72
0.8571428571428572
0.8695652173913043
0.7777777777777778
0.75
0.7333333333333334
0.5769230769230769
0.7105263157894737
0.7142857142857143
1.0
0.6875
0.9230769230769231
0.9444444444444444
0.8333333333333334
0.7692307692307692
0.7333333333333334
0.8181818181818181
0.6666666666666667
1.0
1.0
0.5909090909090908
0.8461538461538461
0.6739130434782609
0.7777777777777778
1.0
0.8666666666666667
1.0
1.0
1.0
0.6875
0.8461538461538461
0.7619047619047619
0.625
0.75
0.8571428571428572
0.8620689655172413
0.8
1.0
0.7272727272727273
0.6956521739130435
0.9166666666666666
0.6875
0.6666666666666667
1.0
0.6666666666666667
0.8571428571428572
0.8571428571428572
0.7
0.7142857142857143
0.9090909090909091
0.6296296296296297
0.7647058823529411
0.72
0.6956521739130435
0.7297297297297297
0.8846153846153846
0.7333333333333334
0.8571428571428572
0.6666666666666667
0.9333333333333333
0.9090909090909091
0.6428571428571428
0.8571428571428572
0.7777777777777778
0.7857142857142857
0.7037037037037037
0.8
0.6511627906976745
0.6739130434782609
0.6923076923076923
0.7142857142857143
0.8571428571428572
0.6153846153846154
0.5800000000000001
0.5777777777777777
0.9090909090909091
0.7142857142857143
0.8461538461538461
0.8125
0.75
0.6923076923076923
0.9230769230769231
0.7058823529411764
1.0
0.7333333333333334
0.8333333333333334
1.0
0.9285714285714286
0.6842105263157895
0.7777777777777778
0.9230769230769231
0.8181818181818181
0.9090909090909091
0.71875
0.7619047619047619
0.625
0.8333333333333334
0.7142857142857143
0.7142857142857143
0.7391304347826086
0.575
1.0
0.72
0.8181818181818181
0.7692307692307692
0.7
1.0
0.7142857142857143
0.6666666666666667
0.75
0.75
0.75
0.5833333333333333
0.8333333333333334
0.8333333333333334
0.6842105263157895
0.6785714285714286
0.8125
0.7647058823529411
0.8333333333333334
0.46153846153846156
1.0
1.0
0.625
0.8333333333333334
1.0
0.5
0.7692307692307692
0.8181818181818181
1.0
0.5945945945945945
1.0
0.6923076923076923
0.8421052631578947
1.0
0.7272727272727273
0.7391304347826086
0.8461538461538461
0.9
0.8181818181818181
0.7857142857142857
0.875
0.8695652173913043
0.7777777777777778
0.9090909090909091
1.0
0.8571428571428572
0.9
0.8095238095238095
0.5882352941176471
0.9
0.7619047619047619
0.6875
0.5
0.7777777777777778
0.6956521739130435
0.631578947368421
0.8571428571428572
0.7
0.5
0.8666666666666667
0.6538461538461539
1.0
0.7222222222222222
0.43243243243243246
1.0
0.6153846153846154
0.7142857142857143
0.6470588235294117
0.5121951219512195
0.7692307692307692
0.5555555555555556
0.6428571428571428
1.0
0.625
0.7647058823529411
0.9230769230769231
0.9
1.0
0.9230769230769231
0.9444444444444444
0.9285714285714286
0.8888888888888888
0.8666666666666667
0.9333333333333333
0.8
0.8
0.9
0.9230769230769231
0.625
1.0
0.9
0.8235294117647058
0.5882352941176471
0.5909090909090908
0.6842105263157895
0.59375
0.6176470588235294
0.7037037037037037
0.625
1.0
0.8666666666666667
1.0
0.8666666666666667
0.6071428571428572
0.6
0.8571428571428572
0.8095238095238095
0.7
0.9
1.0
1.0
0.75
0.8
0.9
0.8
0.8461538461538461
0.8823529411764706
0.8571428571428572
0.7857142857142857
0.9090909090909091
0.4736842105263158
0.75
0.625
0.9090909090909091
1.0
1.0
0.5918367346938775
0.6785714285714286
1.0
0.75
0.7777777777777778
0.7
0.6470588235294117
0.5555555555555556
0.75
0.7777777777777778
1.0
0.7142857142857143
0.625
0.9090909090909091
0.7391304347826086
0.8333333333333334
0.6
0.72
0.7692307692307692
0.6774193548387097
0.8
0.9230769230769231
0.8181818181818181
0.7857142857142857
0.7083333333333333
0.7894736842105263
0.75
1.0
1.0
0.8888888888888888
0.8076923076923077
0.7692307692307692
0.875
1.0
0.7142857142857143
0.7391304347826086
0.9285714285714286
0.5882352941176471
0.6296296296296297
0.6956521739130435
0.55
0.5588235294117647
0.6666666666666667
0.6363636363636364
0.6956521739130435
0.76
0.6
0.5833333333333333
0.5909090909090908
0.9285714285714286
0.9285714285714286
0.75
0.6666666666666667
0.6956521739130435
0.736842105263158
0.625
0.75
0.875
0.9230769230769231
0.8333333333333334
0.6875
0.7647058823529411
0.8
0.75
0.7647058823529411
0.84
0.6666666666666667
0.75
0.6818181818181819
0.9
0.75
0.8
0.8571428571428572
0.7222222222222222
0.8333333333333334
0.6666666666666667
0.6666666666666667
0.5161290322580645
0.6818181818181819
0.7058823529411764
0.8
0.8125
0.8666666666666667
0.9
0.7727272727272727
0.8421052631578947
0.7391304347826086
0.6129032258064516
1.0
0.736842105263158
0.8333333333333334
0.9
0.8571428571428572
0.875
0.6666666666666667
0.6666666666666667
0.8333333333333334
0.8571428571428572
0.6666666666666667
0.736842105263158
0.7619047619047619
0.8636363636363636
0.8421052631578947
0.6875
0.7222222222222222
0.8461538461538461
1.0
0.7619047619047619
0.6875
0.7575757575757576
0.7058823529411764
1.0
0.8571428571428572
0.5625
0.6363636363636364
0.7419354838709677
0.9166666666666666
1.0
0.9090909090909091
0.8
0.875
1.0
1.0
0.875
1.0
0.72
0.5609756097560976
0.8666666666666667
0.6896551724137931
0.7647058823529411
0.6060606060606061
0.9285714285714286
0.875
1.0
1.0
0.8
0.6666666666666667
0.8095238095238095
0.9375
0.7777777777777778
0.9090909090909091
0.84
0.8260869565217391
0.7419354838709677
0.85
0.75
0.8181818181818181
1.0
0.8181818181818181
1.0
0.84
0.6
0.9
0.736842105263158
0.7391304347826086
0.7272727272727273
0.8125
0.7894736842105263
0.6333333333333333
0.65625
0.7692307692307692
0.8888888888888888
0.8666666666666667
0.7727272727272727
0.7045454545454546
0.6153846153846154
0.736842105263158
0.5652173913043479
0.8888888888888888
0.8333333333333334
0.8
0.5882352941176471
0.6785714285714286
0.8
0.6666666666666667
0.9230769230769231
0.85
1.0
0.9285714285714286
0.7142857142857143
0.8421052631578947
0.8181818181818181
0.625
0.7647058823529411
0.5333333333333333
0.8571428571428572
0.8181818181818181
0.8235294117647058
0.7142857142857143
0.782608695652174
0.9090909090909091
0.5909090909090908
0.8611111111111112
0.8
0.7142857142857143
0.6829268292682926
0.7391304347826086
0.6944444444444444
0.75
0.75
0.5666666666666667
0.5652173913043479
0.8181818181818181
0.8
1.0
0.6129032258064516
0.8571428571428572
0.9333333333333333
0.7142857142857143
1.0
0.7307692307692308
0.9285714285714286
1.0
1.0
0.7727272727272727
0.9166666666666666
0.6923076923076923
0.7894736842105263
1.0
0.6666666666666667
0.7692307692307692
0.7346938775510203
0.6888888888888889
0.7083333333333333
0.75
0.7333333333333334
0.9285714285714286
0.5
0.6551724137931034
0.9
0.9230769230769231
0.8125
0.6923076923076923
0.6470588235294117
0.8125
0.7692307692307692
0.7333333333333334
0.9333333333333333
1.0
0.7
0.8571428571428572
0.75
0.736842105263158
0.9090909090909091
0.9333333333333333
0.8235294117647058
0.8421052631578947
1.0
1.0
0.8333333333333334
0.4693877551020408
0.72
1.0
0.625
0.6956521739130435
0.55
0.9230769230769231
0.9473684210526316
0.625
0.8148148148148149
0.8421052631578947
0.9230769230769231
0.65
1.0
0.8571428571428572
1.0
0.8888888888888888
1.0
1.0
0.75
0.8125
0.8125
0.7333333333333334
0.7142857142857143
1.0
0.8571428571428572
0.6
0.5652173913043479
0.736842105263158
0.9
0.7575757575757576
0.8888888888888888
0.9090909090909091
1.0
0.75
0.6428571428571428
0.825
0.7857142857142857
0.6666666666666667
1.0
0.8235294117647058
0.75
1.0
1.0
0.7619047619047619
0.8823529411764706
0.64
0.8
1.0
1.0
0.47058823529411764
0.8571428571428572
1.0
0.8095238095238095
0.6666666666666667
0.7894736842105263
0.9259259259259259
0.8636363636363636
0.6956521739130435
0.9230769230769231
0.8823529411764706
1.0
0.9333333333333333
1.0
0.8461538461538461
0.9375
0.782608695652174
0.7857142857142857
0.7142857142857143
0.7
1.0
0.5882352941176471
0.7727272727272727
0.631578947368421
0.625
0.7083333333333333
1.0
0.8125
0.6923076923076923
0.926829268292683
1.0
0.8333333333333334
0.8
0.7222222222222222
0.8
0.6666666666666667
0.8888888888888888
0.7894736842105263
0.6428571428571428
0.6956521739130435
0.7272727272727273
0.7142857142857143
0.7272727272727273
1.0
1.0
0.72
0.6428571428571428
0.875
0.4782608695652174
0.7333333333333334
1.0
0.7333333333333334
0.8055555555555556
0.875
0.9090909090909091
0.7916666666666666
0.7777777777777778
1.0
0.8636363636363636
0.7142857142857143
0.52
0.9166666666666666
0.75
0.8947368421052632
1.0
0.95
0.9821428571428571
0.7777777777777778
0.8571428571428572
0.8571428571428572
0.5862068965517242
0.5666666666666667
0.6666666666666667
0.6799999999999999
0.625
0.9
0.6666666666666667
0.625
0.6896551724137931
0.8
0.8333333333333334
0.625
0.8
1.0
1.0
0.8235294117647058
0.8181818181818181
0.65
0.6363636363636364
0.7
0.7
0.6956521739130435
1.0
1.0
0.8333333333333334
0.8125
0.5789473684210527
0.8333333333333334
0.875
0.625
0.5789473684210527
0.64
0.6666666666666667
0.6538461538461539
0.6785714285714286
0.8636363636363636
0.5128205128205128
0.7
0.7083333333333333
0.8235294117647058
0.6666666666666667
0.6341463414634146
0.75
0.55
0.7142857142857143
0.6875
0.8333333333333334
1.0
1.0
0.631578947368421
0.5833333333333333
0.8518518518518519
1.0
0.7777777777777778
0.9767441860465116
0.85
0.736842105263158
1.0
0.8571428571428572
0.8181818181818181
0.6470588235294117
1.0
0.8181818181818181
0.7272727272727273
1.0
1.0
0.6842105263157895
0.6363636363636364
0.7142857142857143
0.8666666666666667
0.9230769230769231
0.7619047619047619
0.8571428571428572
0.9473684210526316
0.8571428571428572
0.9047619047619048
0.75
1.0
0.7142857142857143
0.8571428571428572
0.7
1.0
0.8571428571428572
0.9130434782608696
0.8947368421052632
0.8333333333333334
0.7142857142857143
0.8333333333333334
0.9230769230769231
0.75
0.8333333333333334
1.0
0.9
0.7777777777777778
0.5
0.6666666666666667
1.0
1.0
1.0
0.5806451612903225
0.9130434782608696
0.9583333333333334
0.9411764705882353
0.9393939393939394
0.9285714285714286
0.6470588235294117
0.75
1.0
0.5111111111111111
0.7647058823529411
0.9230769230769231
0.5862068965517242
0.5800000000000001
1.0
0.7142857142857143
0.8181818181818181
0.7272727272727273
0.875
1.0
0.8275862068965517
0.8125
0.5526315789473684
0.8666666666666667
1.0
0.6071428571428572
0.7333333333333334
0.6666666666666667
0.6521739130434783
0.8461538461538461
0.6363636363636364
0.7272727272727273
0.8125
0.65
0.8333333333333334
0.7647058823529411
0.9285714285714286
0.8888888888888888
0.6666666666666667
0.8823529411764706
0.6666666666666667
0.75
0.8125
0.875
0.8333333333333334
0.8333333333333334
0.8333333333333334
0.6190476190476191
0.8235294117647058
0.8695652173913043
0.5
1.0
0.8888888888888888
0.8
0.95
0.8333333333333334
0.6052631578947368
0.8333333333333334
1.0
0.7647058823529411
0.75
0.5094339622641509
0.5925925925925926
1.0
1.0
0.7777777777777778
1.0
1.0
0.7777777777777778
0.75
1.0
1.0
0.7777777777777778
0.9
0.8571428571428572
0.65
0.7142857142857143
1.0
0.9230769230769231
0.7692307692307692
0.875
0.75
0.696969696969697
0.8181818181818181
0.7058823529411764
0.8571428571428572
0.8333333333333334
0.6666666666666667
0.8333333333333334
0.7222222222222222
0.9166666666666666
1.0
1.0
1.0
1.0
0.9130434782608696
0.5652173913043479
0.6176470588235294
0.6451612903225806
0.9285714285714286
0.7222222222222222
0.7058823529411764
0.7142857142857143
0.8333333333333334
1.0
0.8125
0.8461538461538461
1.0
1.0
0.6153846153846154
0.7894736842105263
1.0
1.0
1.0
0.9285714285714286
0.9
0.9166666666666666
0.8666666666666667
0.8333333333333334
0.6153846153846154
0.6666666666666667
0.9090909090909091
0.5283018867924528
1.0
0.6896551724137931
0.9333333333333333
1.0
0.8333333333333334
0.9
0.7333333333333334
0.8235294117647058
0.5714285714285714
0.5555555555555556
0.6071428571428572
0.8
0.9230769230769231
0.9
0.8421052631578947
0.9090909090909091
0.7857142857142857
0.6304347826086957
0.8666666666666667
0.8
0.6666666666666667
0.7419354838709677
0.6666666666666667
0.6923076923076923
0.736842105263158
0.6666666666666667
0.9285714285714286
0.5714285714285714
0.8
0.8478260869565217
1.0
0.8
0.6923076923076923
0.9
0.75
1.0
0.8181818181818181
0.7777777777777778
0.5882352941176471
0.8571428571428572
0.7222222222222222
0.8
0.75
0.7777777777777778
0.8
0.7307692307692308
0.9230769230769231
0.8333333333333334
0.7692307692307692
0.75
1.0
0.9285714285714286
0.9166666666666666
0.9285714285714286
0.8666666666666667
0.9
1.0
0.6153846153846154
0.6857142857142857
0.6756756756756757
0.7659574468085106
0.8518518518518519
0.5609756097560976
0.9
0.9
0.9333333333333333
0.8571428571428572
0.8571428571428572
0.9166666666666666
0.8461538461538461
0.8461538461538461
0.6470588235294117
0.4864864864864865
0.7647058823529411
0.625
0.9166666666666666
0.8181818181818181
1.0
0.5833333333333333
0.7894736842105263
0.75
0.6666666666666667
1.0
0.7272727272727273
0.7777777777777778
0.6
0.7647058823529411
0.6666666666666667
0.7142857142857143
0.6666666666666667
1.0
0.9090909090909091
0.9230769230769231
1.0
1.0
0.7777777777777778
0.6666666666666667
1.0
0.75
0.8
0.8125
1.0
0.8
0.75
0.5806451612903225
0.875
0.9166666666666666
0.9166666666666666
0.88
0.8421052631578947
0.7857142857142857
0.72
0.9090909090909091
0.9
0.625
0.5806451612903225
0.6666666666666667
0.9
0.736842105263158
0.7857142857142857
1.0
0.8571428571428572
0.9
0.625
0.7142857142857143
1.0
0.75
0.7222222222222222
1.0
0.6216216216216216
0.8518518518518519
0.6666666666666667
0.75
0.8214285714285714
0.8571428571428572
0.72
0.641025641025641
0.7857142857142857
0.7857142857142857
1.0
1.0
1.0
0.8181818181818181
0.736842105263158
0.7391304347826086
0.6956521739130435
0.7307692307692308
0.7692307692307692
0.8571428571428572
1.0
0.875
1.0
0.7272727272727273
0.6111111111111112
0.7777777777777778
0.5714285714285714
0.9333333333333333
0.537037037037037
0.6470588235294117
0.65
0.75
1.0
1.0
1.0
0.7
0.6521739130434783
1.0
0.6
0.7
0.8461538461538461
1.0
0.7692307692307692
0.9230769230769231
0.8235294117647058
0.8
1.0
1.0
0.7857142857142857
0.8333333333333334
1.0
0.8
0.625
0.9
0.9090909090909091
0.7272727272727273
0.8125
0.7692307692307692
0.5909090909090908
0.631578947368421
0.6538461538461539
0.6363636363636364
0.65
0.7777777777777778
0.6842105263157895
0.6666666666666667
0.7142857142857143
1.0
0.8571428571428572
0.6363636363636364
0.8333333333333334
0.8571428571428572
0.8
1.0
1.0
0.5
0.8333333333333334
1.0
0.8333333333333334
1.0
0.6111111111111112
0.7619047619047619
0.6086956521739131
0.8666666666666667
0.7777777777777778
0.8666666666666667
0.7419354838709677
0.7931034482758621
0.65
1.0
0.5454545454545454
0.8181818181818181
0.5833333333333333
0.5
0.6666666666666667
0.40625
0.8888888888888888
0.6785714285714286
0.8333333333333334
0.7777777777777778
0.3870967741935484
0.7058823529411764
0.41428571428571426
0.46808510638297873
0.4473684210526315
0.8333333333333334
0.8571428571428572
1.0
0.7647058823529411
0.84375
0.8333333333333334
0.65
0.8
1.0
1.0
0.9166666666666666
0.8571428571428572
1.0
0.6956521739130435
0.5789473684210527
0.6
0.5
0.7272727272727273
0.5714285714285714
0.5769230769230769
0.5238095238095238
0.64
0.9
0.8333333333333334
0.9
0.9166666666666666
1.0
0.7894736842105263
0.875
0.8064516129032258
0.9583333333333334
0.7115384615384616
0.9545454545454546
0.7142857142857143
1.0
0.6363636363636364
0.625
0.5217391304347826
0.8666666666666667
0.875
0.65
0.75
0.8571428571428572
0.9333333333333333
0.9230769230769231
0.782608695652174
0.6666666666666667
0.75
0.7857142857142857
0.8421052631578947
1.0
0.8947368421052632
0.6333333333333333
0.7096774193548387
0.4782608695652174
0.75
0.8333333333333334
1.0
0.9
0.9230769230769231
1.0
0.8421052631578947
0.9375
0.7446808510638299
0.8
0.6842105263157895
0.875
0.75
0.6666666666666667
0.9230769230769231
1.0
0.9166666666666666
0.7777777777777778
0.5428571428571429
0.8571428571428572
0.9
1.0
1.0
0.75
0.5757575757575757
1.0
0.7647058823529411
0.5625
0.7142857142857143
0.7619047619047619
0.5909090909090908
0.8571428571428572
0.9090909090909091
0.85
0.8333333333333334
0.6923076923076923
0.75
0.8333333333333334
0.6086956521739131
1.0
0.6875
0.8333333333333334
0.6363636363636364
0.3555555555555555
0.8125
0.9230769230769231
0.71875
0.7272727272727273
0.8421052631578947
0.9285714285714286
0.7142857142857143
0.7222222222222222
0.9090909090909091
0.75
0.5
0.9090909090909091
0.75
0.7692307692307692
0.7619047619047619
0.6206896551724138
0.9166666666666666
1.0
0.6923076923076923
0.75
0.8181818181818181
0.9
0.8333333333333334
0.9333333333333333
0.5185185185185186
0.7777777777777778
0.9230769230769231
0.6071428571428572
0.8333333333333334
0.6799999999999999
0.6363636363636364
0.5909090909090908
0.7727272727272727
0.6956521739130435
0.8125
0.8125
1.0
0.5625
0.8125
0.5925925925925926
0.75
0.625
0.48
0.5
0.7272727272727273
0.5952380952380952
0.8666666666666667
0.6666666666666667
1.0
1.0
0.5
0.8
0.75
0.8235294117647058
0.8214285714285714
0.7
0.7857142857142857
0.5238095238095238
0.6923076923076923
0.49056603773584906
0.75
0.6363636363636364
1.0
1.0
0.9230769230769231
0.9166666666666666
1.0
0.8461538461538461
0.72
0.75
0.9090909090909091
0.8
1.0
0.7272727272727273
0.8571428571428572
0.6086956521739131
0.8333333333333334
0.9285714285714286
1.0
0.65
0.6799999999999999
0.7692307692307692
0.7777777777777778
0.6060606060606061
0.7142857142857143
0.6875
0.6923076923076923
1.0
1.0
0.875
0.7272727272727273
1.0
1.0
0.9230769230769231
1.0
0.8333333333333334
0.4285714285714286
0.8181818181818181
0.7
0.8461538461538461
0.8
0.9
0.7333333333333334
0.9166666666666666
1.0
0.8333333333333334
0.8888888888888888
1.0
0.6216216216216216
1.0
0.9230769230769231
1.0
0.7
0.7916666666666666
0.9
0.8333333333333334
0.6296296296296297
0.8571428571428572
0.9
0.9090909090909091
0.7777777777777778
0.6666666666666667
1.0
0.9
0.9
0.8461538461538461
1.0
0.7142857142857143
0.92
0.9285714285714286
0.8421052631578947
0.7272727272727273
0.8333333333333334
0.8181818181818181
0.625
1.0
0.75
1.0
0.7692307692307692
0.9473684210526316
0.8333333333333334
0.7333333333333334
0.625
0.6666666666666667
0.9
1.0
0.8333333333333334
0.9333333333333333
1.0
0.5588235294117647
1.0
0.9166666666666666
0.8421052631578947
0.9387755102040817
0.9259259259259259
1.0
0.95
0.9411764705882353
1.0
1.0
0.7142857142857143
0.5882352941176471
0.8571428571428572
0.6956521739130435
0.75
0.9230769230769231
0.8148148148148149
0.9090909090909091
0.7037037037037037
0.7083333333333333
0.7857142857142857
1.0
0.8666666666666667
1.0
1.0
0.7575757575757576
0.7142857142857143
1.0
1.0
1.0
0.7931034482758621
0.85
0.8947368421052632
0.8235294117647058
1.0
0.6666666666666667
0.6
0.625
0.8571428571428572
0.875
0.5882352941176471
0.7777777777777778
0.6666666666666667
0.7777777777777778
0.6785714285714286
0.8333333333333334
0.6666666666666667
1.0
0.8125
0.9
0.8125
0.76
0.8888888888888888
0.8
0.9473684210526316
0.7083333333333333
0.8125
0.6666666666666667
0.967741935483871
0.9375
0.7586206896551724
0.6956521739130435
0.8421052631578947
0.6428571428571428
0.813953488372093
0.9230769230769231
0.8571428571428572
0.6818181818181819
0.8421052631578947
0.9230769230769231
1.0
0.8125
1.0
1.0
0.8235294117647058
0.7142857142857143
1.0
0.6904761904761905
0.8571428571428572
0.8260869565217391
1.0
0.7222222222222222
0.5
0.6190476190476191
0.55
1.0
0.8571428571428572
0.8333333333333334
0.5555555555555556
0.7391304347826086
0.5833333333333333
0.5454545454545454
0.5348837209302326
0.8333333333333334
0.7777777777777778
0.5
0.5555555555555556
0.5416666666666667
0.6363636363636364
0.9090909090909091
1.0
0.8333333333333334
1.0
0.9090909090909091
1.0
0.875
0.7037037037037037
0.8333333333333334
0.8571428571428572
0.8571428571428572
0.9166666666666666
0.9285714285714286
0.6666666666666667
0.7142857142857143
1.0
0.6521739130434783
0.9090909090909091
0.8333333333333334
0.5714285714285714
0.5789473684210527
0.9
1.0
0.6
0.8571428571428572
0.8157894736842105
0.6896551724137931
0.88
0.6129032258064516
0.9166666666666666
0.8620689655172413
0.7575757575757576
0.8636363636363636
1.0
0.9090909090909091
0.8
0.7142857142857143
1.0
1.0
0.475
0.8571428571428572
0.39655172413793105
0.7
0.7272727272727273
0.6666666666666667
0.875
0.7222222222222222
0.7692307692307692
0.7647058823529411
0.736842105263158
0.8235294117647058
1.0
0.8333333333333334
0.8888888888888888
0.7142857142857143
0.7
0.8333333333333334
0.8333333333333334
0.631578947368421
0.5555555555555556
0.6176470588235294
0.6129032258064516
1.0
0.6666666666666667
0.7272727272727273
0.7272727272727273
0.6296296296296297
0.6111111111111112
0.7
0.76
0.7619047619047619
0.75
0.8333333333333334
0.7692307692307692
0.9166666666666666
0.9285714285714286
0.625
0.76
1.0
0.6666666666666667
0.8
0.6666666666666667
0.8181818181818181
0.6428571428571428
0.8333333333333334
0.7857142857142857
0.9166666666666666
0.7894736842105263
0.76
0.5641025641025641
0.736842105263158
0.9285714285714286
0.8333333333333334
0.5833333333333333
0.7
0.75
0.6923076923076923
0.6153846153846154
0.8333333333333334
0.6666666666666667
0.8571428571428572
0.7142857142857143
0.7083333333333333
0.76
0.8333333333333334
0.9230769230769231
0.631578947368421
0.8333333333333334
0.6388888888888888
0.6153846153846154
0.7142857142857143
1.0
0.9
0.8181818181818181
0.9285714285714286
0.8181818181818181
0.6
0.5238095238095238
0.8823529411764706
0.8125
0.9285714285714286
0.7857142857142857
0.7222222222222222
0.8888888888888888
0.7333333333333334
0.6666666666666667
0.8333333333333334
0.9090909090909091
0.5833333333333333
0.5526315789473684
0.8571428571428572
1.0
0.7619047619047619
1.0
0.9090909090909091
0.84
0.6470588235294117
0.8666666666666667
1.0
0.8571428571428572
1.0
0.75
0.9411764705882353
0.9047619047619048
0.8571428571428572
0.75
0.75
0.8333333333333334
0.6666666666666667
0.7777777777777778
0.875
0.875
0.7692307692307692
0.6071428571428572
0.6153846153846154
0.8333333333333334
1.0
1.0
0.7272727272727273
1.0
0.75
1.0
0.6842105263157895
0.6428571428571428
1.0
1.0
0.6086956521739131
0.7222222222222222
0.7647058823529411
0.875
0.8
0.7058823529411764
0.9166666666666666
0.7777777777777778
0.7
0.9230769230769231
0.875
0.9
0.75
0.75
0.75
0.7142857142857143
0.7083333333333333
0.7058823529411764
0.5769230769230769
0.7333333333333334
0.7083333333333333
0.6875
0.75
1.0
0.6551724137931034
0.8235294117647058
0.8148148148148149
0.7027027027027026
0.8947368421052632
1.0
0.6451612903225806
0.6176470588235294
0.5757575757575757
0.7857142857142857
0.6190476190476191
0.736842105263158
0.875
0.625
1.0
1.0
0.6551724137931034
0.59375
0.5142857142857142
0.9285714285714286
0.8571428571428572
0.9285714285714286
0.7
1.0
0.8235294117647058
0.6
0.5652173913043479
1.0
0.9714285714285714
0.9803921568627451
0.7692307692307692
0.6052631578947368
0.6216216216216216
0.7916666666666666
0.75
0.76
0.8333333333333334
0.9411764705882353
0.7037037037037037
0.7058823529411764
0.6428571428571428
0.5555555555555556
0.7272727272727273
0.8636363636363636
0.9230769230769231
0.9285714285714286
1.0
0.7857142857142857
0.9285714285714286
0.9090909090909091
0.8333333333333334
0.6818181818181819
0.8235294117647058
0.8333333333333334
0.9230769230769231
0.75
1.0
0.8666666666666667
0.7894736842105263
0.8333333333333334
1.0
1.0
1.0
0.6842105263157895
0.6
0.5652173913043479
0.7857142857142857
0.6
0.9
0.8333333333333334
1.0
0.8333333333333334
0.6
0.6842105263157895
0.7692307692307692
0.6363636363636364
0.6666666666666667
0.8
0.7647058823529411
0.5909090909090908
1.0
0.8333333333333334
1.0
0.7222222222222222
0.9090909090909091
0.9166666666666666
0.6956521739130435
1.0
0.7631578947368421
0.7142857142857143
0.8823529411764706
0.7222222222222222
0.7142857142857143
0.7272727272727273
0.8787878787878788
0.6666666666666667
1.0
1.0
0.5555555555555556
0.7142857142857143
0.7619047619047619
0.8
0.7142857142857143
0.8461538461538461
0.7777777777777778
0.42105263157894735
0.7333333333333334
0.6451612903225806
0.65625
0.8333333333333334
0.9230769230769231
0.8823529411764706
0.7333333333333334
0.9
0.75
0.7
0.9642857142857143
0.7777777777777778
0.6216216216216216
0.7058823529411764
0.6666666666666667
0.8275862068965517
0.92
0.8571428571428572
0.8
0.6428571428571428
0.72
0.875
0.5454545454545454
0.7
0.625
0.875
0.75
1.0
0.7777777777777778
0.6060606060606061
0.8
0.85
0.9375
0.7692307692307692
0.5882352941176471
1.0
0.7647058823529411
0.9230769230769231
0.8571428571428572
0.72
0.9090909090909091
0.5
0.8333333333333334
0.9411764705882353
1.0
0.75
0.75
0.6923076923076923
0.9166666666666666
0.6
0.8888888888888888
0.8888888888888888
0.7857142857142857
0.8571428571428572
0.6
0.8421052631578947
0.75
0.75
0.6666666666666667
0.7142857142857143
0.8387096774193549
0.9375
0.6
0.7
0.75
0.8571428571428572
0.7333333333333334
0.7142857142857143
0.6470588235294117
0.8571428571428572
0.23809523809523814
0.5454545454545454
0.7647058823529411
0.6666666666666667
0.8846153846153846
0.9130434782608696
0.9375
0.9615384615384616
0.7384615384615385
0.9387755102040817
1.0
1.0
0.75
0.6875
0.8666666666666667
0.8
0.7916666666666666
0.875
0.7692307692307692
1.0
0.7307692307692308
0.6571428571428571
0.7
0.6666666666666667
1.0
0.875
0.7352941176470589
0.5454545454545454
0.9166666666666666
0.8888888888888888
0.7407407407407407
0.7777777777777778
0.5714285714285714
0.6666666666666667
0.625
0.8
0.7333333333333334
0.6470588235294117
0.6818181818181819
0.6785714285714286
0.72
0.6190476190476191
0.6190476190476191
0.875
0.8421052631578947
0.8421052631578947
0.8461538461538461
0.8333333333333334
0.7647058823529411
0.6521739130434783
0.8
0.7333333333333334
0.75
1.0
1.0
0.8461538461538461
0.8181818181818181
0.9285714285714286
0.6
0.75
1.0
0.8181818181818181
0.65
0.7837837837837838
0.8666666666666667
0.8181818181818181
0.7857142857142857
0.6666666666666667
0.8888888888888888
0.7
0.9166666666666666
0.625
0.6388888888888888
1.0
0.7142857142857143
0.75
0.6785714285714286
0.5294117647058824
0.5454545454545454
1.0
0.7
0.8333333333333334
1.0
0.6521739130434783
1.0
0.9230769230769231
0.7222222222222222
0.5
0.7
1.0
1.0
0.7222222222222222
0.6111111111111112
0.6363636363636364
0.5625
0.5862068965517242
1.0
0.8571428571428572
0.5217391304347826
0.7727272727272727
0.6
0.72
0.8571428571428572
0.8
0.8666666666666667
0.8666666666666667
0.8235294117647058
1.0
0.8181818181818181
0.75
1.0
0.8888888888888888
0.8518518518518519
0.6799999999999999
0.9230769230769231
0.6111111111111112
0.5714285714285714
0.8571428571428572
1.0
1.0
0.8
0.6521739130434783
0.6363636363636364
0.6799999999999999
0.6428571428571428
0.8571428571428572
1.0
0.6428571428571428
0.9230769230769231
0.5666666666666667
0.6666666666666667
0.9
0.5
1.0
0.8571428571428572
1.0
0.8333333333333334
0.75
1.0
0.9090909090909091
0.6875
0.8823529411764706
0.6666666666666667
0.5925925925925926
1.0
0.7692307692307692
0.6428571428571428
0.5
0.6666666666666667
0.7333333333333334
0.75
0.7619047619047619
0.6
0.9230769230769231
0.8333333333333334
0.9090909090909091
0.6818181818181819
0.9166666666666666
1.0
0.75
1.0
0.9166666666666666
1.0
0.6190476190476191
0.6470588235294117
0.6875
0.5897435897435898
0.5675675675675675
0.7142857142857143
1.0
0.9
0.7272727272727273
0.85
0.6122448979591837
0.8571428571428572
0.625
0.7142857142857143
0.7241379310344828
0.736842105263158
0.6551724137931034
0.5277777777777778
1.0
1.0
1.0
0.9375
0.9375
0.7307692307692308
0.8461538461538461
0.8235294117647058
0.6
0.696969696969697
0.5853658536585367
0.75
0.8
0.8181818181818181
0.6
0.7777777777777778
0.7857142857142857
0.8571428571428572
0.9090909090909091
0.8823529411764706
0.9166666666666666
0.8
0.6071428571428572
0.5833333333333333
0.8571428571428572
0.6551724137931034
0.6875
0.8260869565217391
0.7096774193548387
0.9
0.7777777777777778
0.6578947368421053
0.7391304347826086
0.7692307692307692
1.0
0.6818181818181819
1.0
0.7272727272727273
0.7222222222222222
0.8181818181818181
0.9230769230769231
0.7272727272727273
0.6296296296296297
0.9
0.7058823529411764
0.8333333333333334
1.0
0.7647058823529411
0.8666666666666667
0.6538461538461539
0.8235294117647058
1.0
1.0
0.65
0.8823529411764706
0.8571428571428572
0.8888888888888888
1.0
0.631578947368421
1.0
0.8666666666666667
1.0
1.0
0.9
1.0
0.7142857142857143
0.8
0.7058823529411764
0.75
0.9285714285714286
0.6470588235294117
0.6666666666666667
0.8444444444444444
0.8
0.8333333333333334
0.8076923076923077
0.7916666666666666
0.6818181818181819
0.736842105263158
0.75
0.9
0.9
0.8095238095238095
1.0
0.7857142857142857
0.9
0.9375
0.8125
1.0
0.75
0.7428571428571429
0.7777777777777778
0.8
1.0
0.75
0.72
0.9090909090909091
0.9090909090909091
0.7692307692307692
0.625
0.65
0.6842105263157895
1.0
0.9
0.7619047619047619
0.6666666666666667
0.5625
0.9166666666666666
0.736842105263158
0.7142857142857143
1.0
0.8181818181818181
0.7727272727272727
0.7777777777777778
0.5454545454545454
0.625
0.736842105263158
0.8461538461538461
0.8181818181818181
1.0
1.0
0.5882352941176471
0.7222222222222222
0.8095238095238095
0.75
0.6585365853658536
0.9375
0.9047619047619048
0.6785714285714286
0.7777777777777778
0.625
0.6923076923076923
0.7727272727272727
0.875
0.9285714285714286
0.7857142857142857
0.65
0.8181818181818181
0.7692307692307692
1.0
0.8
0.75
0.75
0.5
0.8571428571428572
0.7857142857142857
0.7142857142857143
0.5185185185185186
0.6875
1.0
0.6666666666666667
0.9090909090909091
0.7272727272727273
0.6
1.0
0.5555555555555556
0.8181818181818181
0.6363636363636364
0.7272727272727273
0.9285714285714286
0.7692307692307692
0.8125
0.7916666666666666
0.8
0.8
0.7777777777777778
1.0
0.6666666666666667
0.6363636363636364
0.9090909090909091
0.5517241379310345
0.8888888888888888
0.6470588235294117
1.0
1.0
0.9
0.9375
0.5483870967741935
0.6470588235294117
0.8
0.75
0.4571428571428572
0.8666666666666667
0.6666666666666667
0.6153846153846154
0.7777777777777778
0.75
0.8
0.7058823529411764
0.8666666666666667
0.8571428571428572
0.8333333333333334
0.7272727272727273
1.0
1.0
0.5882352941176471
0.7857142857142857
1.0
0.7
1.0
0.6
0.9166666666666666
0.875
0.6666666666666667
0.782608695652174
0.6666666666666667
0.7058823529411764
0.625
0.6428571428571428
1.0
0.5384615384615384
0.7428571428571429
0.9090909090909091
1.0
0.875
0.5757575757575757
0.7619047619047619
0.7619047619047619
0.6190476190476191
0.7272727272727273
1.0
0.7142857142857143
0.8421052631578947
0.5625
0.9
1.0
1.0
0.8148148148148149
0.6
0.7894736842105263
0.7407407407407407
0.8095238095238095
0.7142857142857143
0.9411764705882353
0.8571428571428572
0.7333333333333334
0.7272727272727273
0.625
0.8
0.9
0.736842105263158
1.0
0.7692307692307692
1.0
1.0
0.6904761904761905
0.7222222222222222
0.875
0.7142857142857143
0.8571428571428572
0.7647058823529411
1.0
0.6666666666666667
0.7142857142857143
1.0
0.6428571428571428
0.7692307692307692
0.8181818181818181
1.0
1.0
0.5833333333333333
0.9090909090909091
0.8333333333333334
0.6666666666666667
0.7777777777777778
0.736842105263158
1.0
0.6818181818181819
0.7142857142857143
0.5333333333333333
0.625
1.0
1.0
0.6875
0.6666666666666667
0.6190476190476191
0.8571428571428572
0.8571428571428572
1.0
0.7058823529411764
0.75
0.65625
0.9285714285714286
0.8571428571428572
0.7142857142857143
0.56
0.6470588235294117
0.8
1.0
0.7727272727272727
0.8333333333333334
0.8
0.6538461538461539
0.53125
0.7
0.7894736842105263
0.5
0.4736842105263158
1.0
0.8666666666666667
0.8125
0.7857142857142857
0.7083333333333333
0.8333333333333334
0.875
0.6774193548387097
0.7209302325581395
0.653061224489796
1.0
0.8181818181818181
0.6363636363636364
0.8571428571428572
1.0
0.6190476190476191
0.7916666666666666
0.9230769230769231
0.7692307692307692
0.7222222222222222
0.8333333333333334
1.0
0.9166666666666666
0.7647058823529411
0.6428571428571428
1.0
0.7272727272727273
1.0
1.0
0.9411764705882353
1.0
0.75
0.75
0.5384615384615384
0.75
0.6486486486486487
0.8235294117647058
0.7692307692307692
0.8
0.7619047619047619
0.7777777777777778
0.6521739130434783
1.0
0.53125
0.8
0.5769230769230769
1.0
0.6666666666666667
0.8181818181818181
0.8947368421052632
1.0
0.7222222222222222
0.75
1.0
0.8571428571428572
1.0
0.6071428571428572
0.782608695652174
0.7692307692307692
0.8235294117647058
0.7647058823529411
0.8125
0.8333333333333334
0.9
0.8275862068965517
0.7586206896551724
0.8
0.65
0.8571428571428572
0.8125
0.8571428571428572
0.5294117647058824
0.5365853658536586
0.6818181818181819
0.5172413793103448
0.8947368421052632
1.0
0.7894736842105263
0.8571428571428572
0.64
0.8333333333333334
0.9166666666666666
0.7692307692307692
0.6818181818181819
0.5
0.6666666666666667
0.45238095238095233
0.9230769230769231
0.6122448979591837
0.75
0.9285714285714286
0.8125
0.5882352941176471
0.8571428571428572
0.6206896551724138
0.8
0.8571428571428572
0.6206896551724138
0.6666666666666667
1.0
0.9230769230769231
0.8461538461538461
0.6923076923076923
0.7391304347826086
0.6153846153846154
0.631578947368421
0.8571428571428572
0.8181818181818181
0.7272727272727273
0.8095238095238095
0.92
0.8275862068965517
0.6666666666666667
0.8666666666666667
0.5405405405405406
0.9090909090909091
0.9090909090909091
0.8333333333333334
0.5384615384615384
0.8
1.0
0.8181818181818181
0.8235294117647058
0.8
0.4411764705882353
0.4736842105263158
0.7727272727272727
0.8823529411764706
0.75
0.5
0.7777777777777778
0.8333333333333334
0.6470588235294117
1.0
0.8333333333333334
0.8181818181818181
0.9090909090909091
0.75
0.75
0.6842105263157895
0.7058823529411764
0.8125
1.0
0.7777777777777778
0.6551724137931034
0.9411764705882353
0.9130434782608696
0.9473684210526316
0.7391304347826086
0.9230769230769231
0.7333333333333334
0.6956521739130435
0.7777777777777778
1.0
0.8333333333333334
0.9230769230769231
0.8571428571428572
0.6774193548387097
0.525
1.0
0.85
0.8181818181818181
0.6666666666666667
1.0
0.7142857142857143
0.75
0.6875
0.5555555555555556
0.8571428571428572
0.8571428571428572
1.0
0.7142857142857143
0.8148148148148149
0.8571428571428572
1.0
0.5909090909090908
0.7777777777777778
0.7647058823529411
0.6666666666666667
0.9
0.9
1.0
0.9
0.7857142857142857
0.76
1.0
0.8
0.9230769230769231
1.0
0.5
0.9090909090909091
0.9
1.0
0.8
1.0
0.72
0.7894736842105263
1.0
0.9166666666666666
0.8888888888888888
0.5294117647058824
0.8
0.7692307692307692
0.7894736842105263
0.6799999999999999
0.7222222222222222
0.574468085106383
0.625
1.0
0.875
0.5652173913043479
0.8
0.8421052631578947
0.9090909090909091
0.5454545454545454
0.5
0.7272727272727273
1.0
0.9166666666666666
0.7096774193548387
0.75
0.6666666666666667
0.6666666666666667
0.5833333333333333
0.7894736842105263
0.875
0.8421052631578947
0.75
0.6341463414634146
1.0
0.6842105263157895
0.6666666666666667
1.0
0.625
0.5882352941176471
0.9166666666666666
1.0
1.0
0.7142857142857143
0.6666666666666667
0.8636363636363636
1.0
0.9090909090909091
0.9285714285714286
0.6666666666666667
0.8461538461538461
0.75
0.8333333333333334
0.8333333333333334
1.0
0.9166666666666666
0.8571428571428572
1.0
0.8333333333333334
0.8
0.7692307692307692
0.9166666666666666
0.5263157894736843
0.8333333333333334
1.0
0.9230769230769231
1.0
0.8888888888888888
1.0
0.7777777777777778
0.6304347826086957
0.72
0.9090909090909091
0.85
0.9122807017543859
0.736842105263158
1.0
0.7
0.7272727272727273
0.75
0.7647058823529411
0.625
0.7647058823529411
0.5517241379310345
0.7777777777777778
0.8333333333333334
0.9090909090909091
0.6875
0.9
0.6842105263157895
0.75
0.7272727272727273
0.8
0.7272727272727273
0.8333333333333334
0.7083333333333333
0.736842105263158
0.9285714285714286
0.8787878787878788
0.9333333333333333
0.7916666666666666
0.7931034482758621
1.0
0.8666666666666667
0.9285714285714286
0.6428571428571428
0.7857142857142857
0.625
1.0
0.88
0.8947368421052632
0.5897435897435898
0.8181818181818181
0.9375
1.0
0.75
0.9
0.8125
1.0
0.8333333333333334
1.0
1.0
1.0
0.7857142857142857
0.8571428571428572
0.8333333333333334
0.7619047619047619
0.72
0.6060606060606061
0.6896551724137931
0.8636363636363636
0.9473684210526316
1.0
0.7692307692307692
0.3902439024390244
0.44999999999999996
0.5833333333333333
0.7142857142857143
0.96
0.6799999999999999
0.7142857142857143
0.5882352941176471
0.5555555555555556
0.8235294117647058
0.7142857142857143
0.7647058823529411
0.9166666666666666
0.75
0.6666666666666667
0.5263157894736843
0.9
0.9375
0.75
0.8333333333333334
0.48
0.75
0.8125
0.6428571428571428
0.7647058823529411
0.9130434782608696
0.75
1.0
0.8461538461538461
1.0
0.6875
1.0
0.8461538461538461
0.8333333333333334
0.8666666666666667
0.9166666666666666
0.631578947368421
0.7777777777777778
0.7
0.8333333333333334
0.8333333333333334
0.8461538461538461
0.8571428571428572
0.6538461538461539
0.7619047619047619
0.5128205128205128
1.0
0.7142857142857143
0.5588235294117647
0.5454545454545454
0.9333333333333333
0.9166666666666666
0.8571428571428572
1.0
0.8
0.6363636363636364
0.6363636363636364
0.5789473684210527
0.6818181818181819
0.7272727272727273
0.5789473684210527
0.625
0.9
1.0
0.8
0.8666666666666667
0.75
0.72
0.875
0.6666666666666667
0.5384615384615384
0.6296296296296297
0.6875
0.49090909090909096
0.7142857142857143
0.5135135135135135
0.9090909090909091
1.0
1.0
0.6666666666666667
0.8333333333333334
1.0
0.5217391304347826
0.6
0.8333333333333334
1.0
0.9411764705882353
1.0
1.0
0.6666666666666667
0.7058823529411764
0.6470588235294117
0.9166666666666666
0.9230769230769231
0.7
0.6923076923076923
0.7619047619047619
1.0
1.0
0.9090909090909091
0.8095238095238095
1.0
0.7857142857142857
0.9090909090909091
1.0
0.7777777777777778
0.5555555555555556
0.75
0.7391304347826086
0.6451612903225806
0.736842105263158
0.8181818181818181
0.8235294117647058
0.8235294117647058
0.7083333333333333
0.6521739130434783
0.7
0.5
0.47058823529411764
0.8333333333333334
0.75
1.0
0.8235294117647058
1.0
0.9285714285714286
0.7209302325581395
1.0
0.6521739130434783
0.625
0.8
0.875
1.0
0.85
0.8333333333333334
0.5483870967741935
1.0
1.0
0.782608695652174
0.8181818181818181
0.8888888888888888
0.9411764705882353
0.6551724137931034
0.8333333333333334
0.9166666666666666
0.6666666666666667
0.3026315789473685
0.6666666666666667
0.9285714285714286
0.7272727272727273
0.75
0.8125
1.0
0.8571428571428572
1.0
1.0
1.0
0.6956521739130435
0.6666666666666667
0.7407407407407407
0.7073170731707317
0.6571428571428571
0.9090909090909091
0.8571428571428572
0.8
0.8
0.7058823529411764
0.8571428571428572
1.0
0.47058823529411764
0.9
0.7777777777777778
0.56
0.75
1.0
0.6666666666666667
0.7
1.0
0.59375
0.8181818181818181
0.6363636363636364
0.7692307692307692
0.6190476190476191
0.5714285714285714
0.5217391304347826
0.7241379310344828
0.6363636363636364
0.7692307692307692
1.0
0.7777777777777778
1.0
0.6785714285714286
0.6666666666666667
0.8888888888888888
0.6451612903225806
0.9230769230769231
0.7142857142857143
0.9230769230769231
0.8666666666666667
0.7037037037037037
0.6875
1.0
0.8333333333333334
0.9285714285714286
0.9285714285714286
0.7727272727272727
0.9166666666666666
0.6666666666666667
0.9545454545454546
0.9130434782608696
0.7878787878787878
0.9090909090909091
0.8181818181818181
0.7083333333333333
0.6923076923076923
0.6875
0.4444444444444444
0.6
0.736842105263158
0.875
0.8461538461538461
1.0
0.5454545454545454
0.59375
0.9333333333333333
0.6
1.0
0.8181818181818181
0.5757575757575757
0.8333333333333334
1.0
0.5555555555555556
0.8823529411764706
0.7272727272727273
0.736842105263158
0.7894736842105263
0.7727272727272727
0.8571428571428572
0.875
0.9
1.0
0.9090909090909091
1.0
0.5384615384615384
0.6428571428571428
0.782608695652174
0.7857142857142857
0.8
1.0
0.7692307692307692
0.9210526315789473
0.8333333333333334
0.9285714285714286
0.6666666666666667
0.8333333333333334
1.0
0.6190476190476191
0.5714285714285714
1.0
0.5833333333333333
1.0
1.0
1.0
0.6363636363636364
0.5
0.7391304347826086
0.5666666666666667
0.6129032258064516
0.6153846153846154
0.7142857142857143
0.7142857142857143
0.6176470588235294
0.75
0.8571428571428572
0.8125
0.9545454545454546
0.8518518518518519
0.7173913043478262
1.0
1.0
1.0
1.0
0.8
0.7777777777777778
0.9090909090909091
0.75
1.0
0.8571428571428572
0.7222222222222222
0.6521739130434783
0.8181818181818181
1.0
0.5384615384615384
0.8620689655172413
1.0
0.65
1.0
1.0
0.875
0.6799999999999999
0.7083333333333333
0.7272727272727273
1.0
0.6666666666666667
0.7142857142857143
0.6666666666666667
0.7142857142857143
1.0
0.6470588235294117
0.9166666666666666
0.6428571428571428
0.6206896551724138
0.6538461538461539
0.8571428571428572
1.0
0.85
0.8181818181818181
0.7037037037037037
0.8181818181818181
0.75
0.7777777777777778
1.0
0.5714285714285714
0.875
0.7307692307692308
0.90625
0.8
1.0
0.9090909090909091
0.9090909090909091
0.8888888888888888
1.0
0.8421052631578947
0.5833333333333333
0.46875
0.3111111111111111
0.736842105263158
0.6875
1.0
0.631578947368421
1.0
1.0
0.5555555555555556
0.6086956521739131
0.6666666666666667
0.7692307692307692
0.875
0.7083333333333333
0.7142857142857143
0.9090909090909091
0.8235294117647058
0.6363636363636364
0.7777777777777778
0.9
0.6799999999999999
0.7692307692307692
0.625
0.782608695652174
0.75
0.75
0.525
0.5833333333333333
0.5833333333333333
0.8571428571428572
0.75
0.625
0.7241379310344828
0.75
0.6521739130434783
0.8235294117647058
1.0
0.5517241379310345
0.4893617021276596
0.7777777777777778
0.5714285714285714
1.0
0.5909090909090908
0.5945945945945945
1.0
0.5833333333333333
1.0
0.7647058823529411
1.0
0.8235294117647058
0.7333333333333334
0.7142857142857143
0.6111111111111112
0.9230769230769231
0.7647058823529411
0.8
0.7894736842105263
1.0
0.5588235294117647
1.0
0.6666666666666667
0.7777777777777778
1.0
0.8181818181818181
0.7142857142857143
1.0
1.0
0.6799999999999999
0.7333333333333334
0.5777777777777777
0.7333333333333334
0.7222222222222222
0.6226415094339622
0.8666666666666667
0.8333333333333334
0.6799999999999999
0.75
1.0
0.6
0.7083333333333333
0.9166666666666666
0.6764705882352942
0.875
0.8461538461538461
0.7619047619047619
0.9166666666666666
0.9
0.75
1.0
0.8333333333333334
0.8333333333333334
0.8333333333333334
0.8
0.7241379310344828
0.625
0.6551724137931034
0.6666666666666667
0.59375
0.6176470588235294
0.6956521739130435
0.7857142857142857
0.6842105263157895
0.8181818181818181
0.9166666666666666
0.75
0.641025641025641
0.8076923076923077
0.8518518518518519
0.5757575757575757
0.5882352941176471
0.9090909090909091
0.6060606060606061
0.84375
0.6842105263157895
0.6666666666666667
0.8333333333333334
0.7727272727272727
0.8
0.625
1.0
0.696969696969697
0.7142857142857143
0.7021276595744681
0.5263157894736843
0.7058823529411764
0.6153846153846154
0.7777777777777778
0.736842105263158
0.64
0.8461538461538461
0.8571428571428572
1.0
0.8947368421052632
0.9
0.75
0.8181818181818181
0.9090909090909091
0.84
0.8
0.6451612903225806
0.75
0.6226415094339622
0.75
0.8571428571428572
0.7727272727272727
0.8947368421052632
0.8421052631578947
0.6428571428571428
0.5652173913043479
0.5
0.8421052631578947
1.0
0.75
0.8181818181818181
0.8235294117647058
0.75
0.9230769230769231
0.5
0.5428571428571429
0.4716981132075472
0.4651162790697675
0.9166666666666666
0.6666666666666667
0.7333333333333334
0.6666666666666667
1.0
1.0
0.6666666666666667
0.8571428571428572
0.7666666666666666
0.8571428571428572
0.6666666666666667
0.64
0.75
1.0
0.4666666666666667
0.5333333333333333
0.8888888888888888
0.9230769230769231
0.8888888888888888
0.6428571428571428
0.5454545454545454
0.8461538461538461
1.0
0.7647058823529411
1.0
0.6875
0.8666666666666667
0.896551724137931
0.75
0.8333333333333334
0.85
0.7391304347826086
0.7692307692307692
0.75
0.8260869565217391
0.6521739130434783
0.8235294117647058
0.6470588235294117
0.9285714285714286
0.8333333333333334
1.0
0.9
0.9230769230769231
0.75
0.8333333333333334
0.7
1.0
0.65
0.8125
0.8571428571428572
0.5833333333333333
0.8571428571428572
0.7
0.5714285714285714
0.9166666666666666
1.0
0.7692307692307692
0.8888888888888888
0.8571428571428572
1.0
0.875
0.6875
0.5625
1.0
0.6666666666666667
1.0
1.0
0.7333333333333334
0.6129032258064516
0.7916666666666666
0.59375
0.6756756756756757
0.7894736842105263
0.5116279069767442
0.6666666666666667
0.7727272727272727
0.6923076923076923
0.7272727272727273
0.6
0.7647058823529411
0.8823529411764706
0.7619047619047619
0.8888888888888888
0.875
0.8333333333333334
1.0
0.8571428571428572
0.75
0.6666666666666667
0.625
0.9285714285714286
0.6470588235294117
0.85
0.84
0.875
0.5882352941176471
0.75
0.8
0.9
1.0
0.8333333333333334
0.8
0.7777777777777778
0.8
0.7586206896551724
0.8461538461538461
0.5777777777777777
0.8
1.0
0.9090909090909091
0.8333333333333334
0.8461538461538461
0.6
0.76
0.6666666666666667
0.5675675675675675
0.8888888888888888
0.875
0.875
0.8823529411764706
0.8571428571428572
0.6666666666666667
0.5714285714285714
0.7142857142857143
0.7222222222222222
0.8695652173913043
0.8181818181818181
0.7647058823529411
0.7727272727272727
0.8888888888888888
0.8235294117647058
0.6296296296296297
0.8235294117647058
0.7727272727272727
0.8181818181818181
1.0
0.8888888888888888
0.9090909090909091
0.9230769230769231
0.7692307692307692
0.5357142857142857
0.5945945945945945
1.0
0.5
0.7647058823529411
1.0
0.5833333333333333
0.875
0.5476190476190477
0.8888888888888888
0.7142857142857143
1.0
0.8888888888888888
0.6538461538461539
0.6363636363636364
1.0
0.7727272727272727
0.9
1.0
1.0
0.7916666666666666
0.6666666666666667
0.8461538461538461
1.0
0.8888888888888888
1.0
1.0
0.6296296296296297
0.7272727272727273
1.0
0.8
1.0
1.0
0.6
1.0
0.8235294117647058
0.7272727272727273
0.6206896551724138
0.7
0.6666666666666667
0.8333333333333334
1.0
0.8461538461538461
1.0
0.9166666666666666
0.5
0.875
0.64
0.8461538461538461
0.75
0.5806451612903225
0.5652173913043479
0.8333333333333334
0.7
0.75
0.625
1.0
0.5897435897435898
0.6666666666666667
0.8
0.8235294117647058
0.6666666666666667
0.7692307692307692
0.6818181818181819
0.7333333333333334
0.9285714285714286
0.6363636363636364
0.9523809523809523
0.8
1.0
0.8
0.9375
0.8
0.6785714285714286
0.6875
0.6296296296296297
0.4642857142857143
0.5652173913043479
0.7894736842105263
1.0
0.8181818181818181
0.6551724137931034
0.6666666666666667
0.6896551724137931
0.8571428571428572
0.7142857142857143
0.7222222222222222
0.5517241379310345
0.6097560975609756
0.7647058823529411
0.9090909090909091
1.0
0.7272727272727273
0.6842105263157895
0.5
0.75
0.75
1.0
0.7727272727272727
0.736842105263158
0.8571428571428572
0.9166666666666666
0.7777777777777778
0.9166666666666666
0.8571428571428572
0.6296296296296297
0.5833333333333333
0.7857142857142857
0.8636363636363636
0.7894736842105263
0.7619047619047619
0.6818181818181819
0.6666666666666667
0.8461538461538461
1.0
0.9285714285714286
0.8571428571428572
0.7647058823529411
0.7142857142857143
0.5333333333333333
0.7647058823529411
0.8823529411764706
0.8888888888888888
0.75
0.7619047619047619
0.9772727272727273
0.7073170731707317
0.9230769230769231
0.7272727272727273
1.0
1.0
1.0
1.0
0.8888888888888888
1.0
0.8333333333333334
0.8461538461538461
0.6666666666666667
0.7142857142857143
0.8636363636363636
0.8333333333333334
0.8
1.0
0.5833333333333333
0.8571428571428572
0.6428571428571428
0.9090909090909091
0.9090909090909091
0.64
0.6896551724137931
0.7619047619047619
0.7142857142857143
0.5
0.8333333333333334
0.7222222222222222
1.0
1.0
0.8181818181818181
0.7142857142857143
0.7777777777777778
1.0
0.8333333333333334
0.6818181818181819
0.6382978723404256
0.5555555555555556
0.6111111111111112
0.8666666666666667
0.6
0.7073170731707317
0.7894736842105263
0.85
0.6666666666666667
0.8571428571428572
0.9
0.6153846153846154
1.0
0.7391304347826086
0.7241379310344828
0.7142857142857143
0.75
0.8125
0.6111111111111112
1.0
0.6428571428571428
0.6428571428571428
0.7272727272727273
0.625
0.7575757575757576
0.8333333333333334
1.0
0.6363636363636364
0.71875
0.8095238095238095
0.7692307692307692
0.6666666666666667
1.0
0.6875
0.8235294117647058
0.9090909090909091
1.0
0.8181818181818181
1.0
1.0
0.9285714285714286
0.631578947368421
0.6956521739130435
0.9230769230769231
0.8
0.7619047619047619
0.6363636363636364
0.85
0.8125
0.7058823529411764
0.6811594202898551
0.9230769230769231
0.7
0.7142857142857143
0.6666666666666667
0.8235294117647058
1.0
0.75
0.9230769230769231
0.9230769230769231
0.6944444444444444
0.75
0.8
1.0
0.6666666666666667
0.75
0.8076923076923077
0.9444444444444444
0.7272727272727273
0.8461538461538461
1.0
0.7857142857142857
1.0
0.9090909090909091
0.6944444444444444
0.5555555555555556
0.7272727272727273
0.6
0.8461538461538461
0.8571428571428572
1.0
0.7142857142857143
0.9069767441860466
0.5294117647058824
0.9230769230769231
0.6818181818181819
0.9090909090909091
0.7222222222222222
0.65
0.625
0.875
0.72
0.6666666666666667
0.5625
0.8181818181818181
1.0
0.7142857142857143
1.0
1.0
0.9565217391304348
0.65625
0.6538461538461539
1.0
1.0
1.0
0.76
0.8
1.0
1.0
0.75
0.8333333333333334
0.5833333333333333
0.6923076923076923
0.7
0.9090909090909091
0.625
0.7777777777777778
0.875
1.0
0.7619047619047619
0.8947368421052632
0.64
0.7037037037037037
1.0
0.6190476190476191
0.5714285714285714
1.0
0.7222222222222222
0.9166666666666666
0.6
0.6060606060606061
0.7391304347826086
0.6818181818181819
0.8333333333333334
0.9285714285714286
0.8888888888888888
0.75
0.9230769230769231
0.5
0.696969696969697
0.7894736842105263
0.9090909090909091
0.7692307692307692
0.7333333333333334
0.75
0.6666666666666667
1.0
0.9047619047619048
0.7647058823529411
0.7647058823529411
0.7317073170731707
1.0
0.5806451612903225
0.8461538461538461
0.7619047619047619
1.0
0.7083333333333333
0.7391304347826086
0.7142857142857143
0.75
0.8333333333333334
0.8823529411764706
0.9696969696969697
0.6521739130434783
0.875
0.8666666666666667
1.0
0.5454545454545454
0.6086956521739131
0.7142857142857143
0.8888888888888888
0.7619047619047619
1.0
1.0
0.8181818181818181
0.6666666666666667
0.7272727272727273
0.6428571428571428
0.7
0.48
0.6363636363636364
0.8181818181818181
0.7142857142857143
0.6
0.6875
1.0
0.8333333333333334
0.5476190476190477
0.6666666666666667
0.7619047619047619
0.75
0.5714285714285714
0.71875
0.9230769230769231
0.7692307692307692
0.8571428571428572
1.0
1.0
0.7857142857142857
0.7857142857142857
0.5833333333333333
0.9444444444444444
0.9333333333333333
0.5882352941176471
0.825
0.8181818181818181
0.6538461538461539
0.6
0.8461538461538461
1.0
0.8888888888888888
0.7727272727272727
0.6486486486486487
0.6428571428571428
0.7272727272727273
0.75
0.6818181818181819
1.0
0.8333333333333334
0.75
0.7894736842105263
0.8461538461538461
0.9230769230769231
0.8888888888888888
1.0
0.7647058823529411
0.7857142857142857
0.6818181818181819
0.8181818181818181
0.75
0.5882352941176471
0.75
0.8666666666666667
0.7142857142857143
0.7741935483870968
1.0
0.8823529411764706
0.875
0.7142857142857143
0.5625
0.75
0.7894736842105263
0.8333333333333334
0.7142857142857143
0.8421052631578947
0.85
0.75
0.6470588235294117
0.7222222222222222
0.9230769230769231
0.7727272727272727
1.0
0.9333333333333333
0.7
0.7222222222222222
0.5161290322580645
0.8571428571428572
0.9333333333333333
0.9166666666666666
1.0
0.75
1.0
0.8333333333333334
1.0
0.6923076923076923
0.5909090909090908
0.75
0.8333333333333334
0.7
0.6666666666666667
0.7777777777777778
0.9285714285714286
0.65625
0.9375
0.5555555555555556
0.6666666666666667
1.0
1.0
0.9090909090909091
0.7142857142857143
0.7222222222222222
0.6451612903225806
0.6896551724137931
0.5384615384615384
0.782608695652174
0.8
0.5625
0.625
0.64
0.8421052631578947
1.0
0.6
0.7142857142857143
0.8181818181818181
0.625
0.6486486486486487
0.52
0.32692307692307687
0.8181818181818181
0.8125
0.6388888888888888
0.9
0.6428571428571428
1.0
0.9166666666666666
1.0
0.9090909090909091
0.9166666666666666
1.0
1.0
0.6190476190476191
0.6956521739130435
0.8
0.7142857142857143
0.7222222222222222
0.625
1.0
0.85
0.7391304347826086
0.9444444444444444
0.6153846153846154
1.0
0.9166666666666666
0.7272727272727273
0.875
0.8571428571428572
0.7575757575757576
0.75
0.6923076923076923
0.7619047619047619
0.6296296296296297
0.8125
0.9285714285714286
0.8333333333333334
0.7777777777777778
0.9166666666666666
1.0
0.7142857142857143
0.8181818181818181
0.9444444444444444
0.5882352941176471
0.8461538461538461
0.9090909090909091
0.75
0.75
0.7241379310344828
0.7857142857142857
0.8333333333333334
0.5882352941176471
0.4722222222222222
0.5789473684210527
0.7857142857142857
0.6153846153846154
0.7142857142857143
0.8333333333333334
0.4666666666666667
0.6818181818181819
0.6785714285714286
0.6296296296296297
0.6896551724137931
0.8181818181818181
0.7777777777777778
0.6923076923076923
0.8181818181818181
0.7777777777777778
0.7142857142857143
0.5833333333333333
0.7692307692307692
0.9166666666666666
0.75
0.8
0.8421052631578947
1.0
0.7692307692307692
0.7619047619047619
0.75
0.6296296296296297
1.0
1.0
0.7142857142857143
0.9333333333333333
0.7647058823529411
1.0
0.65
0.736842105263158
1.0
0.7142857142857143
0.9090909090909091
0.782608695652174
1.0
0.6470588235294117
0.8095238095238095
0.7391304347826086
1.0
0.4130434782608695
0.8333333333333334
1.0
0.6666666666666667
0.8
0.7222222222222222
0.875
0.9166666666666666
0.6111111111111112
0.8333333333333334
0.8571428571428572
0.7142857142857143
0.9090909090909091
0.8571428571428572
0.7142857142857143
0.75
0.7222222222222222
0.6071428571428572
0.6666666666666667
0.9411764705882353
1.0
0.7647058823529411
0.8421052631578947
0.9230769230769231
1.0
0.8125
0.8235294117647058
1.0
0.7142857142857143
0.75
0.8333333333333334
0.9
0.8333333333333334
0.8333333333333334
0.8235294117647058
1.0
0.5961538461538461
1.0
0.7058823529411764
0.8666666666666667
0.7777777777777778
0.6799999999999999
0.8
0.9230769230769231
0.8666666666666667
0.7692307692307692
1.0
0.75
0.9090909090909091
0.8571428571428572
1.0
0.7692307692307692
1.0
0.9333333333333333
1.0
0.6666666666666667
0.7647058823529411
1.0
0.8333333333333334
0.64
0.8095238095238095
0.8181818181818181
0.7391304347826086
0.8125
1.0
0.9166666666666666
0.65
0.7692307692307692
0.6666666666666667
0.7391304347826086
1.0
1.0
0.6428571428571428
0.9333333333333333
0.8666666666666667
0.8666666666666667
0.6875
0.8666666666666667
1.0
0.9285714285714286
0.6470588235294117
0.7333333333333334
1.0
0.7619047619047619
0.9090909090909091
0.7647058823529411
1.0
0.6129032258064516
0.6842105263157895
0.6
0.9411764705882353
0.9090909090909091
1.0
0.5333333333333333
0.7
0.736842105263158
0.47619047619047616
0.8181818181818181
0.6
0.6551724137931034
0.875
0.6666666666666667
0.9285714285714286
0.75
0.7619047619047619
0.8666666666666667
0.5897435897435898
0.65
0.7692307692307692
0.65
1.0
0.8333333333333334
0.8
0.6296296296296297
0.6470588235294117
0.6956521739130435
0.8235294117647058
1.0
0.75
0.76
0.8571428571428572
0.75
0.9090909090909091
0.6875
0.7272727272727273
0.8571428571428572
0.7741935483870968
0.8888888888888888
0.75
1.0
0.5116279069767442
0.6
0.72
0.6842105263157895
0.9090909090909091
0.6333333333333333
0.7058823529411764
1.0
0.8333333333333334
1.0
0.8095238095238095
0.8181818181818181
0.9
0.9166666666666666
0.9166666666666666
0.9
1.0
0.9166666666666666
1.0
0.8260869565217391
1.0
0.6666666666666667
0.9473684210526316
0.75
0.9090909090909091
0.9
0.6875
0.9090909090909091
0.9
0.75
1.0
0.8823529411764706
0.8666666666666667
0.7692307692307692
1.0
0.875
0.6923076923076923
1.0
0.6842105263157895
0.8181818181818181
0.6363636363636364
0.9090909090909091
0.9090909090909091
1.0
0.6923076923076923
0.9333333333333333
0.7
0.6428571428571428
0.8333333333333334
0.5555555555555556
1.0
1.0
0.5882352941176471
0.9375
0.7142857142857143
0.8125
0.7647058823529411
